9.9481348333e-04 1.9865785678e-05 1.0000000000e+02 1.8000000000e-01
9.9399595405e-04 2.2849803539e-05 1.1513953993e+02 1.8000000000e-01
9.9304420417e-04 2.6277845893e-05 1.3257113656e+02 1.8000000000e-01
9.9193454911e-04 3.0214580667e-05 1.5264179672e+02 1.8000000000e-01
9.9063864379e-04 3.4733616555e-05 1.7575106249e+02 1.8000000000e-01
9.8912243829e-04 3.9918571004e-05 2.0235896477e+02 1.8000000000e-01
9.8734487090e-04 4.5864202406e-05 2.3299518105e+02 1.8000000000e-01
9.8525622824e-04 5.2677582268e-05 2.6826957953e+02 1.8000000000e-01
9.8279608299e-04 6.0479267392e-05 3.0888435965e+02 1.8000000000e-01
9.7989069623e-04 6.9404409541e-05 3.5564803062e+02 1.8000000000e-01
9.7644974253e-04 7.9603708140e-05 4.0949150624e+02 1.8000000000e-01
9.7236218132e-04 9.1244066601e-05 4.7148663635e+02 1.8000000000e-01
9.6749105724e-04 1.0450875007e-04 5.4286754393e+02 1.8000000000e-01
9.6166696646e-04 1.1959675517e-04 6.2505519253e+02 1.8000000000e-01
9.5467987783e-04 1.3672098226e-04 7.1968567300e+02 1.8000000000e-01
9.4626895310e-04 1.5610463627e-04 8.2864277285e+02 1.8000000000e-01
9.3610998143e-04 1.7797506063e-04 9.5409547635e+02 1.8000000000e-01
9.2380005034e-04 2.0255391257e-04 1.0985411420e+03 1.8000000000e-01
9.0883915495e-04 2.3004220193e-04 1.2648552169e+03 1.8000000000e-01
8.9060866087e-04 2.6059822480e-04 1.4563484775e+03 1.8000000000e-01
8.6834698125e-04 2.9430582713e-04 1.6768329368e+03 1.8000000000e-01
8.4112366119e-04 3.3112975968e-04 1.9306977289e+03 1.8000000000e-01
8.0781452002e-04 3.7085422513e-04 2.2229964825e+03 1.8000000000e-01
7.6708293031e-04 4.1300028010e-04 2.5595479227e+03 1.8000000000e-01
7.1737619365e-04 4.5671796546e-04 2.9470517026e+03 1.8000000000e-01
6.5695191010e-04 5.0065068804e-04 3.3932217719e+03 1.8000000000e-01
5.8395786377e-04 5.4277383637e-04 3.9069399371e+03 1.8000000000e-01
4.9660060524e-04 5.8021909090e-04 4.4984326690e+03 1.8000000000e-01
3.9345191074e-04 6.0911362250e-04 5.1794746792e+03 1.8000000000e-01
2.7395531760e-04 6.2449344817e-04 5.9636233166e+03 1.8000000000e-01
1.3919806321e-04 6.2039626118e-04 6.8664884500e+03 1.8000000000e-01
-7.0123231226e-06 5.9030037791e-04 7.9060432109e+03 1.8000000000e-01
-1.5681862744e-04 5.2813916306e-04 9.1029817799e+03 1.8000000000e-01
-2.9699535874e-04 4.3014084095e-04 1.0481131342e+04 1.8000000000e-01
-4.0829976967e-04 2.9762522903e-04 1.2067926406e+04 1.8000000000e-01
-4.6674093079e-04 1.4046584789e-04 1.3894954944e+04 1.8000000000e-01
-4.4860183913e-04 -1.9994486304e-05 1.5998587196e+04 1.8000000000e-01
-3.4093716460e-04 -1.5121133614e-04 1.8420699693e+04 1.8000000000e-01
-1.5698090512e-04 -2.1675488271e-04 2.1209508879e+04 1.8000000000e-01
5.0395562975e-05 -1.9342763282e-04 2.4420530945e+04 1.8000000000e-01
1.9371963268e-04 -9.4027683980e-05 2.8117686980e+04 1.8000000000e-01
1.9451954126e-04 2.2013319575e-05 3.2374575428e+04 1.8000000000e-01
6.0219759641e-05 7.6782191360e-05 3.7275937203e+04 1.8000000000e-01
-7.7983794081e-05 4.2624533756e-05 4.2919342601e+04 1.8000000000e-01
-7.5778200152e-05 -1.6420000974e-05 4.9417133613e+04 1.8000000000e-01
2.1788928515e-05 -2.0880860195e-05 5.6898660290e+04 1.8000000000e-01
3.2488606147e-05 6.4792073707e-06 6.5512855686e+04 1.8000000000e-01
-1.8709260176e-05 3.8132194931e-06 7.5431200634e+04 1.8000000000e-01
1.1877208542e-06 -3.0449680891e-06 8.6851137375e+04 1.8000000000e-01
2.7496353038e-06 1.1618449848e-06 1.0000000000e+05 1.8000000000e-01
